{"id":"0_pkj__hmi_modbus_panel","containers":[{"elements":[{"id":"SW1642019_gim_rerun","parameter":{"continue_after_error":false,"index_key":"gimelli_rerun_index","nr_loops":0,"use_opcua":false},"name":"Rerun","libraryItemId":"SW1642019_gim_rerun","containers":[{"elements":[{"id":"SW1642013_gim_modbus_wait","parameter":{"check_stop_button":true,"conjunction":true,"input_pins":{"card":3,"card_type":"input","module":1,"pins":[1,2,2,2,2,2,2]}},"name":"start","link":"SW1642013_gim_modbus_wait","componentProviders":{"modbus-wait":{"linkConfig":null,"componentLookupTable":[{"name":"gim-modbus-selector","sourcePath":{"id":"0_pkj__hmi_modbus_panel","indices":[0,0,0,0]},"dependencies":[]}]}},"enabled":true,"isTracePoint":false},{"id":"SW1642030_gim_modbus_if","parameter":{"conjunction":true,"modbus_config":{"card":3,"card_type":"input","module":1,"pins":[1,2,2,2,2,2,2]}},"name":"Start","libraryItemId":"SW1642030_gim_modbus_if","containers":[{"elements":[{"id":"SW1642013_gim_modbus_wait","parameter":{"check_stop_button":true,"conjunction":true,"input_pins":{"card":3,"card_type":"input","module":1,"pins":[2,1,1,1,1,1,1]}},"name":"Task 1-5/Home","link":"SW1642013_gim_modbus_wait","componentProviders":{"modbus-wait":{"linkConfig":null,"componentLookupTable":[{"name":"gim-modbus-selector","sourcePath":{"id":"0_pkj__hmi_modbus_panel","indices":[0,0,0,1]},"dependencies":[]}]}},"enabled":true,"isTracePoint":false},{"id":"SW1642005_gim_dual_task2","parameter":{},"name":"Dual Task","libraryItemId":"SW1642005_gim_dual_task","containers":[{"elements":[{"id":"SW1642030_gim_modbus_if","parameter":{"conjunction":true,"modbus_config":{"card":3,"card_type":"input","module":1,"pins":[2,2,2,2,2,2,1]}},"name":"Move Home","libraryItemId":"SW1642030_gim_modbus_if","containers":[{"elements":[{"id":"joint_motion","parameter":{"acceleration":0.55,"cartesian_impedance":{"access":["parent","parent","parent","parent","parent","parent","parent","parent","parent","parameter","cartesian_impedance"]},"joint_impedance":{"access":["parent","parent","parent","parent","parent","parent","parent","parent","parent","parameter","joint_impedance"]},"motion":{"access":["parent","parent","parent","parent","parent","parent","parent","parent","parameter","poses",1,"relative_trajectories",1]},"safety":{"access":["parent","parent","parent","parent","parent","parent","parent","parent","parent","parameter","safety"]},"speed":{"access":["parent","parent","parent","parent","parent","parent","parent","parent","parent","parameter","speed"]},"velocity":1},"name":"Joint Motion","link":"joint_motion","componentProviders":{"acceleration":{"linkConfig":null,"componentLookupTable":[]},"motion":{"linkConfig":{"components":["robot-pose-carousel"],"sourceDistance":10,"parameters":{"points":["motion"]}},"componentLookupTable":[{"name":"robot-pose-carousel","sourcePath":{"id":"0_pkj__hmi_modbus_panel","indices":[]},"dependencies":[]}]},"velocity":{"linkConfig":null,"componentLookupTable":[]}},"enabled":true,"isTracePoint":false},{"id":"SW1642031_gim_gripper_set","parameter":{"check_stop_button":true,"gripper_speed":0.16,"gripper_width":0.002,"set_load":true},"name":"Gripper Set","link":"SW1642031_gim_gripper_set","componentProviders":{"gripper":{"linkConfig":null,"componentLookupTable":[]}},"enabled":true,"isTracePoint":false},{"id":"SW1642012_gim_modbus_set","parameter":{"check_stop_button":true,"output_pins":{"card":3,"card_type":"output","module":1,"pins":[2,2,2,2,2,2,1]},"pulse":false,"pulse_duration":0.5},"name":"Home Count","link":"SW1642012_gim_modbus_set","componentProviders":{"modbus":{"linkConfig":null,"componentLookupTable":[{"name":"gim-modbus-selector","sourcePath":{"id":"0_pkj__hmi_modbus_panel","indices":[0,0,0,1,0,1,0,0]},"dependencies":[]}]},"pulse":{"linkConfig":null,"componentLookupTable":[]}},"enabled":true,"isTracePoint":false}],"relativePath":["group_content"],"isTracePoint":false}],"componentProviders":{"settings":{"linkConfig":null,"componentLookupTable":[{"name":"gim-modbus-selector","sourcePath":{"id":"0_pkj__hmi_modbus_panel","indices":[0,0,0,1]},"dependencies":[]}]}},"isTracePoint":false}],"relativePath":["body1"],"isTracePoint":false},{"elements":[{"id":"SW1642005_gim_dual_task","parameter":{},"name":"Dual Task","libraryItemId":"SW1642005_gim_dual_task","containers":[{"elements":[{"id":"SW1642030_gim_modbus_if","parameter":{"conjunction":true,"modbus_config":{"card":3,"card_type":"input","module":1,"pins":[2,1,2,2,2,2,2]}},"name":"Task 1 - Linaear Move","libraryItemId":"SW1642030_gim_modbus_if","containers":[{"elements":[{"id":"cartesian_motion","parameter":{"acceleration":0.45,"cartesian_impedance":{"access":["parent","parent","parent","parent","parent","parent","parent","parent","parent","parent","parent","parameter","cartesian_impedance"]},"joint_impedance":{"access":["parent","parent","parent","parent","parent","parent","parent","parent","parent","parent","parent","parameter","joint_impedance"]},"motion":{"access":["parent","parent","parent","parent","parent","parent","parent","parent","parent","parent","parameter","poses",2,"relative_trajectories",1]},"origin":{"joint_angles":[],"pose":[1,0,0,0,0,1,0,0,0,0,1,0,0,0,0,1]},"relative_to":{"pose":[1,0,0,0,0,1,0,0,0,0,1,0,0,0,0,1]},"safety":{"access":["parent","parent","parent","parent","parent","parent","parent","parent","parent","parent","parent","parameter","safety"]},"speed":{"access":["parent","parent","parent","parent","parent","parent","parent","parent","parent","parent","parent","parameter","speed"]},"velocity":1},"name":"Cart Motion","link":"cartesian_motion","componentProviders":{"acceleration":{"linkConfig":null,"componentLookupTable":[]},"motion":{"linkConfig":{"components":["robot-pose-carousel"],"sourceDistance":12,"parameters":{}},"componentLookupTable":[{"name":"robot-pose-carousel","sourcePath":{"id":"0_pkj__hmi_modbus_panel","indices":[]},"dependencies":[]}]},"velocity":{"linkConfig":null,"componentLookupTable":[]}},"enabled":true,"isTracePoint":false},{"id":"SW1642012_gim_modbus_set","parameter":{"check_stop_button":true,"output_pins":{"card":3,"card_type":"output","module":1,"pins":[2,1,2,2,2,2,2]},"pulse":false,"pulse_duration":0.5},"name":"Task 1 Count","link":"SW1642012_gim_modbus_set","componentProviders":{"modbus":{"linkConfig":null,"componentLookupTable":[{"name":"gim-modbus-selector","sourcePath":{"id":"0_pkj__hmi_modbus_panel","indices":[0,0,0,1,0,1,1,0,0,0]},"dependencies":[]}]},"pulse":{"linkConfig":null,"componentLookupTable":[]}},"enabled":true,"isTracePoint":false}],"relativePath":["group_content"],"isTracePoint":false}],"componentProviders":{"settings":{"linkConfig":null,"componentLookupTable":[{"name":"gim-modbus-selector","sourcePath":{"id":"0_pkj__hmi_modbus_panel","indices":[0,0,0,1]},"dependencies":[]}]}},"isTracePoint":false}],"relativePath":["body1"],"isTracePoint":false},{"elements":[{"id":"SW1642005_gim_dual_task","parameter":{},"name":"Dual Task","libraryItemId":"SW1642005_gim_dual_task","containers":[{"elements":[{"id":"SW1642030_gim_modbus_if","parameter":{"conjunction":true,"modbus_config":{"card":3,"card_type":"input","module":1,"pins":[2,2,1,2,2,2,2]}},"name":"Task 2 - Smooth Motion","libraryItemId":"SW1642030_gim_modbus_if","containers":[{"elements":[{"id":"SW1642076_gim_smooth_motion","parameter":{"acceleration":0.44999999999999996,"move_start_cartesian":true,"move_to_first_pose":false,"poses":{"access":["parent","parent","parent","parent","parent","parent","parent","parent","parent","parent","parent","parent","parameter","poses",3,"relative_trajectories",1]},"poses_exit":[],"poses_repeat":[],"speed":0.8,"spline_repeat_segment_number":0,"timeline":{"cartesian_impedance":{"access":["parent","parent","parent","parent","parent","parent","parent","parent","parent","parent","parent","parent","parent","parameter","cartesian_impedance"]},"joint_impedance":{"access":["parent","parent","parent","parent","parent","parent","parent","parent","parent","parent","parent","parent","parent","parameter","joint_impedance"]},"safety":{"access":["parent","parent","parent","parent","parent","parent","parent","parent","parent","parent","parent","parent","parent","parameter","safety"]},"speed_factor":{"access":["parent","parent","parent","parent","parent","parent","parent","parent","parent","parent","parent","parent","parent","parameter","speed"]}},"use_spline_motion_generator":false},"name":"Smooth Motion","link":"SW1642076_gim_smooth_motion","componentProviders":{"path":{"linkConfig":{"components":["robot-pose-carousel"],"sourceDistance":14,"parameters":{"poses":["poses"]}},"componentLookupTable":[{"name":"robot-pose-carousel","sourcePath":{"id":"0_pkj__hmi_modbus_panel","indices":[]},"dependencies":[]}]},"settings":{"linkConfig":null,"componentLookupTable":[]}},"enabled":true,"isTracePoint":false},{"id":"SW1642012_gim_modbus_set","parameter":{"check_stop_button":true,"output_pins":{"card":3,"card_type":"output","module":1,"pins":[2,2,1,2,2,2,2]},"pulse":false,"pulse_duration":0.5},"name":"Task 2 Count","link":"SW1642012_gim_modbus_set","componentProviders":{"modbus":{"linkConfig":null,"componentLookupTable":[{"name":"gim-modbus-selector","sourcePath":{"id":"0_pkj__hmi_modbus_panel","indices":[0,0,0,1,0,1,1,0,1,0,0,0]},"dependencies":[]}]},"pulse":{"linkConfig":null,"componentLookupTable":[]}},"enabled":true,"isTracePoint":false}],"relativePath":["group_content"],"isTracePoint":false}],"componentProviders":{"settings":{"linkConfig":null,"componentLookupTable":[{"name":"gim-modbus-selector","sourcePath":{"id":"0_pkj__hmi_modbus_panel","indices":[0,0,0,1]},"dependencies":[]}]}},"isTracePoint":false}],"relativePath":["body1"],"isTracePoint":false},{"elements":[{"id":"SW1642005_gim_dual_task","parameter":{},"name":"Dual Task","libraryItemId":"SW1642005_gim_dual_task","containers":[{"elements":[{"id":"SW1642030_gim_modbus_if","parameter":{"conjunction":true,"modbus_config":{"card":3,"card_type":"input","module":1,"pins":[2,2,2,1,2,2,2]}},"name":"Task 3 - Limiting/Cart Flex - 30sec","libraryItemId":"SW1642030_gim_modbus_if","containers":[{"elements":[{"id":"SW1642010_gim_limiting","parameter":{"safety":{"force_thresholds":{"x":110,"x_rot":33,"y":110,"y_rot":33,"z":110,"z_rot":33},"torque_thresholds":{"j0":87,"j1":87,"j2":87,"j3":87,"j4":12,"j5":12,"j6":12}},"safety_original":{"access":["parent","parent","parent","parent","parent","parent","parent","parent","parent","parent","parent","parent","parent","parent","parent","parameter","safety"]}},"name":"Limiting","libraryItemId":"SW1642010_gim_limiting","containers":[{"elements":[{"id":"SW1642000_gim_cart_flex","parameter":{"cartesian_impedance":{"K_x":1356,"K_x_rot":136,"K_y":1385,"K_y_rot":133,"K_z":1415,"K_z_rot":136},"cartesian_impedance_parent":{"access":["parent","parent","parent","parent","parent","parent","parent","parent","parent","parent","parent","parent","parent","parent","parent","parent","parent","parameter","cartesian_impedance"]}},"name":"Cart Flex","libraryItemId":"SW1642000_gim_cart_flex","containers":[{"elements":[{"id":"SW1642033_gim_wait","parameter":{"check_stop_button":true,"duration":30},"name":"Wait","link":"SW1642033_gim_wait","componentProviders":{"duration":{"linkConfig":null,"componentLookupTable":[]}},"enabled":true,"isTracePoint":false}],"relativePath":["group_content"],"isTracePoint":false}],"componentProviders":{"compliance":{"linkConfig":null,"componentLookupTable":[]}},"isTracePoint":false}],"relativePath":["group_content"],"isTracePoint":false}],"componentProviders":{"cartesian":{"linkConfig":null,"componentLookupTable":[]},"joint":{"linkConfig":null,"componentLookupTable":[]},"notice":{"linkConfig":null,"componentLookupTable":[]}},"isTracePoint":false},{"id":"SW1642012_gim_modbus_set","parameter":{"check_stop_button":true,"output_pins":{"card":3,"card_type":"output","module":1,"pins":[2,2,2,1,2,2,2]},"pulse":false,"pulse_duration":0.5},"name":"Task 3 Count","link":"SW1642012_gim_modbus_set","componentProviders":{"modbus":{"linkConfig":null,"componentLookupTable":[{"name":"gim-modbus-selector","sourcePath":{"id":"0_pkj__hmi_modbus_panel","indices":[0,0,0,1,0,1,1,0,1,0,1,0,0,0]},"dependencies":[]}]},"pulse":{"linkConfig":null,"componentLookupTable":[]}},"enabled":true,"isTracePoint":false}],"relativePath":["group_content"],"isTracePoint":false}],"componentProviders":{"settings":{"linkConfig":null,"componentLookupTable":[{"name":"gim-modbus-selector","sourcePath":{"id":"0_pkj__hmi_modbus_panel","indices":[0,0,0,1]},"dependencies":[]}]}},"isTracePoint":false}],"relativePath":["body1"],"isTracePoint":false},{"elements":[{"id":"SW1642005_gim_dual_task","parameter":{},"name":"Dual Task","libraryItemId":"SW1642005_gim_dual_task","containers":[{"elements":[{"id":"SW1642030_gim_modbus_if","parameter":{"conjunction":false,"modbus_config":{"card":3,"card_type":"input","module":1,"pins":[2,2,2,2,1,2,2]}},"name":"Task 4","libraryItemId":"SW1642030_gim_modbus_if","containers":[{"elements":[{"id":"SW1642012_gim_modbus_set","parameter":{"check_stop_button":true,"output_pins":{"card":3,"card_type":"output","module":1,"pins":[2,2,2,2,1,2,2]},"pulse":false,"pulse_duration":0.5},"name":"Task 4 Count","link":"SW1642012_gim_modbus_set","componentProviders":{"modbus":{"linkConfig":null,"componentLookupTable":[{"name":"gim-modbus-selector","sourcePath":{"id":"0_pkj__hmi_modbus_panel","indices":[0,0,0,1,0,1,1,0,1,0,1,0,1,0,0,0]},"dependencies":[]}]},"pulse":{"linkConfig":null,"componentLookupTable":[]}},"enabled":true,"isTracePoint":false}],"relativePath":["group_content"],"isTracePoint":false}],"componentProviders":{"settings":{"linkConfig":null,"componentLookupTable":[{"name":"gim-modbus-selector","sourcePath":{"id":"0_pkj__hmi_modbus_panel","indices":[0,0,0,1]},"dependencies":[]}]}},"isTracePoint":false}],"relativePath":["body1"],"isTracePoint":false},{"elements":[{"id":"SW1642030_gim_modbus_if","parameter":{"conjunction":true,"modbus_config":{"card":3,"card_type":"input","module":1,"pins":[2,2,2,2,2,1,2]}},"name":"Task 5","libraryItemId":"SW1642030_gim_modbus_if","containers":[{"elements":[{"id":"SW1642012_gim_modbus_set","parameter":{"check_stop_button":true,"output_pins":{"card":3,"card_type":"output","module":1,"pins":[2,2,2,2,2,1,2]},"pulse":false,"pulse_duration":0.5},"name":"Task 5 Count","link":"SW1642012_gim_modbus_set","componentProviders":{"modbus":{"linkConfig":null,"componentLookupTable":[{"name":"gim-modbus-selector","sourcePath":{"id":"0_pkj__hmi_modbus_panel","indices":[0,0,0,1,0,1,1,0,1,0,1,0,1,0,1,0]},"dependencies":[]}]},"pulse":{"linkConfig":null,"componentLookupTable":[]}},"enabled":true,"isTracePoint":false}],"relativePath":["group_content"],"isTracePoint":false}],"componentProviders":{"settings":{"linkConfig":null,"componentLookupTable":[{"name":"gim-modbus-selector","sourcePath":{"id":"0_pkj__hmi_modbus_panel","indices":[0,0,0,1]},"dependencies":[]}]}},"isTracePoint":false}],"relativePath":["body2"],"isTracePoint":false}],"componentProviders":{"explanation":{"linkConfig":null,"componentLookupTable":[]}},"isTracePoint":false}],"relativePath":["body2"],"isTracePoint":false}],"componentProviders":{"explanation":{"linkConfig":null,"componentLookupTable":[]}},"isTracePoint":false}],"relativePath":["body2"],"isTracePoint":false}],"componentProviders":{"explanation":{"linkConfig":null,"componentLookupTable":[]}},"isTracePoint":false}],"relativePath":["body2"],"isTracePoint":false}],"componentProviders":{"explanation":{"linkConfig":null,"componentLookupTable":[]}},"isTracePoint":false}],"relativePath":["body2"],"isTracePoint":false}],"componentProviders":{"explanation":{"linkConfig":null,"componentLookupTable":[]}},"isTracePoint":false},{"id":"SW1642012_gim_modbus_set","parameter":{"check_stop_button":true,"output_pins":{"card":3,"card_type":"output","module":1,"pins":[1,2,2,2,2,2,2]},"pulse":false,"pulse_duration":0.5},"name":"Start Count","link":"SW1642012_gim_modbus_set","componentProviders":{"modbus":{"linkConfig":null,"componentLookupTable":[{"name":"gim-modbus-selector","sourcePath":{"id":"0_pkj__hmi_modbus_panel","indices":[0,0,0,1]},"dependencies":[]}]},"pulse":{"linkConfig":null,"componentLookupTable":[]}},"enabled":true,"isTracePoint":false},{"id":"SW1642033_gim_wait","parameter":{"check_stop_button":true,"duration":0.7},"name":"Reset bit wait","link":"SW1642033_gim_wait","componentProviders":{"duration":{"linkConfig":null,"componentLookupTable":[]}},"enabled":true,"isTracePoint":false}],"relativePath":["group_content"],"isTracePoint":false}],"componentProviders":{"settings":{"linkConfig":null,"componentLookupTable":[{"name":"gim-modbus-selector","sourcePath":{"id":"0_pkj__hmi_modbus_panel","indices":[0,0,0,1]},"dependencies":[]}]}},"isTracePoint":false}],"relativePath":["loop_body"],"isTracePoint":false}],"componentProviders":{"loops":{"linkConfig":null,"componentLookupTable":[{"name":"gim-form-input","sourcePath":{"id":"0_pkj__hmi_modbus_panel","indices":[0,0]},"dependencies":[]}]}},"isTracePoint":false}],"relativePath":["timeline_body"],"isTracePoint":false}],"name":"PKJ: HMI/Modbus Panel","contextMenu":"<step id=\"speed\" name=\"Robot speed\" label=\"Set the speed of the robot's motions.\"\n  configured=\"parameter('speed')()\" class=\"flex-column\">\n  <h2 data-bind=\"html: step.label\"><br></h2>\n  <linear-slider params=\"\n    value: parameter('speed').multiply(100).round(),\n    min: 1, max: 100, increment: 1,\n    unit: '%',\n    step: step\n    \"/>\n</step>\n<step id=\"cart-comp\" name=\"Cartesian Compliance\" class=\"flex-column\"\n  label=\"Set the compliance along and around each cartesian axis. Greater compliance is given by lower values.\">\n  <h2 data-bind=\"html: step.label\"></h2>\n  <toggle-slider params=\"\n    parameters: [\n      { value: parameter('cartesian_impedance.K_x').add(-10).multiply(1/30).round(),\n        label: 'K-x',\n        min: 0, max: 100, increment: 1,\n        unit: '%'\n      },\n      { value: parameter('cartesian_impedance.K_y').add(-10).multiply(1/30).round(),\n        label: 'K-y',\n        min: 0, max: 100, increment: 1,\n        unit: '%'\n      },\n      { value: parameter('cartesian_impedance.K_z').add(-10).multiply(1/30).round(),\n        label: 'K-z',\n        min: 0, max: 100, increment: 1,\n        unit: '%'\n      },\n      { value: parameter('cartesian_impedance.K_x_rot').add(-1).multiply(1/3).round(),\n        label: 'K-x_rot',\n        min: 0, max: 100, increment: 1,\n        unit: '%'\n      },\n      { value: parameter('cartesian_impedance.K_y_rot').add(-1).multiply(1/3).round(),\n        label: 'K-y_rot',\n        min: 0, max: 100, increment: 1,\n        unit: '%'\n      },\n      { value: parameter('cartesian_impedance.K_z_rot').add(-1).multiply(1/3).round(),\n        label: 'K-z_rot',\n        min: 0, max: 100, increment: 1,\n        unit: '%'\n      },\n    ],\n    step: step\n  \"/>\n</step>\n<step id=\"joint-comp\" name=\"Joint Compliance\" class=\"flex-column\"\n  label=\"Set the compliance for each joint. Greater compliance is given by lower values.\">\n  <h2 data-bind=\"html: step.label\"></h2>\n  <toggle-slider params=\"\n    parameters: [\n      { value: parameter('joint_impedance.K_j0').add(-1).multiply(1/60).round(),\n        label: 'Joint 1',\n        min: 0, max: 100, increment: 1,\n        unit: '%'\n      },\n      { value: parameter('joint_impedance.K_j1').add(-1).multiply(1/60).round(),\n        label: 'Joint 2',\n        min: 0, max: 100, increment: 1,\n        unit: '%'\n      },\n      { value: parameter('joint_impedance.K_j2').add(-1).multiply(1/60).round(),\n        label: 'Joint 3',\n        min: 0, max: 100, increment: 1,\n        unit: '%'\n      },\n      { value: parameter('joint_impedance.K_j3').add(-1).multiply(1/60).round(),\n        label: 'Joint 4',\n        min: 0, max: 100, increment: 1,\n        unit: '%'\n      },\n      { value: parameter('joint_impedance.K_j4').add(-1).multiply(1/60).round(),\n        label: 'Joint 5',\n        min: 0, max: 100, increment: 1,\n        unit: '%'\n      },\n      { value: parameter('joint_impedance.K_j5').add(-1).multiply(1/60).round(),\n        label: 'Joint 6',\n        min: 0, max: 100, increment: 1,\n        unit: '%'\n      },\n      { value: parameter('joint_impedance.K_j6').add(-1).multiply(1/60).round(),\n        label: 'Joint 7',\n        min: 0, max: 100, increment: 1,\n        unit: '%'\n      },\n    ],\n    step: step\n  \"/>\n</step>\n<step id=\"all-force\" name=\"Force Thresholds\" class=\"flex-column\"\n  label=\"Set the force thresholds along and around each cartesian axis. Higher values will be interpreted as collisions.\">\n  <h2 data-bind=\"html: step.label\"></h2>\n  <toggle-slider params=\"\n    parameters: [\n      {value: parameter('safety.force_thresholds.x'), label: 'x', min: 3, max: 100, increment: 1, unit: 'N'},\n      {value: parameter('safety.force_thresholds.y'), label: 'y', min: 3, max: 100, increment: 1, unit: 'N'},\n      {value: parameter('safety.force_thresholds.z'), label: 'z', min: 3, max: 100, increment: 1, unit: 'N'},\n      {value: parameter('safety.force_thresholds.x_rot'), label: 'x-rot', min: 1, max: 30, increment: 1, unit: 'Nm'},\n      {value: parameter('safety.force_thresholds.y_rot'), label: 'y-rot', min: 1, max: 30, increment: 1, unit: 'Nm'},\n      {value: parameter('safety.force_thresholds.z_rot'), label: 'z-rot', min: 1, max: 30, increment: 1, unit: 'Nm'},\n    ],\n    step: step\n  \"/>\n</step>\n<step id=\"all-torque\" name=\"Torque Thresholds\" class=\"flex-column\"\n  label=\"Set the torque thresholds for each joint. Higher values will be interpreted as collisions.\">\n  <h2 data-bind=\"html: step.label\"></h2>\n  <toggle-slider params=\"\n    parameters: [\n      {value: parameter('safety.torque_thresholds.j0'), label: 'Joint 1', min: 3, max: 100, increment: 1, unit: 'Nm'},\n      {value: parameter('safety.torque_thresholds.j1'), label: 'Joint 2', min: 3, max: 100, increment: 1, unit: 'Nm'},\n      {value: parameter('safety.torque_thresholds.j2'), label: 'Joint 3', min: 3, max: 100, increment: 1, unit: 'Nm'},\n      {value: parameter('safety.torque_thresholds.j3'), label: 'Joint 4', min: 2, max: 80, increment: 1, unit: 'Nm'},\n      {value: parameter('safety.torque_thresholds.j4'), label: 'Joint 5', min: 2, max: 80, increment: 1, unit: 'Nm'},\n      {value: parameter('safety.torque_thresholds.j5'), label: 'Joint 6', min: 1, max: 40, increment: 1, unit: 'Nm'},\n      {value: parameter('safety.torque_thresholds.j6'), label: 'Joint 7', min: 1, max: 40, increment: 1, unit: 'Nm'},\n    ],\n    step: step\n  \"/>\n</step>","components":"<component name=\"grid-widget\">\n  <template src=\"base/grid_widget.html\"></template>\n  <viewmodel src=\"base/grid_widget.js\"></viewmodel>\n</component>\n<component name=\"alternative-selector\">\n  <template src=\"base/alternative_selector.html\"></template>\n  <viewmodel src=\"base/alternative_selector.js\"></viewmodel>\n</component>\n<component name=\"reset-strategy-picker\">\n  <template src=\"base/reset_strategy_picker.html\"></template>\n  <viewmodel src=\"base/reset_strategy_picker.js\"></viewmodel>\n</component>\n<component name=\"trajectory-teaching-base\">\n  <template src=\"base/trajectory_teaching_base.html\"></template>\n  <viewmodel src=\"base/trajectory_teaching_base.js\"></viewmodel>\n</component>\n<component name=\"trajectory-teaching\" linkable>\n  <template src=\"base/trajectory_teaching.html\"></template>\n  <viewmodel src=\"base/trajectory_teaching.js\"></viewmodel>\n</component>\n<component name=\"approach-retract-teaching\">\n  <template src=\"base/approach_retract_teaching.html\"></template>\n  <viewmodel src=\"base/approach_retract_teaching.js\"></viewmodel>\n</component>\n<component name=\"pose-teaching single-pose-teaching\" linkable>\n  <template src=\"base/pose_teaching.html\"></template>\n  <viewmodel src=\"base/pose_teaching.js\"></viewmodel>\n</component>\n<component name=\"two-pose-teaching\" linkable>\n  <template src=\"base/two_pose_teaching.html\"></template>\n  <viewmodel src=\"base/two_pose_teaching.js\"></viewmodel>\n</component>\n<component name=\"robot-pose single-robot-pose\" linkable>\n  <template src=\"base/robot_pose.html\"></template>\n  <viewmodel src=\"base/robot_pose.js\"></viewmodel>\n</component>\n<component name=\"robot-pose-carousel\" linkable>\n  <template src=\"base/robot_pose_carousel.html\"></template>\n  <viewmodel src=\"base/robot_pose_carousel.js\"></viewmodel>\n</component>\n<component name=\"haptic-gestures\">\n  <template src=\"base/haptic_gestures.html\"></template>\n  <viewmodel src=\"base/haptic_gestures.js\"></viewmodel>\n</component>\n<component name=\"points-list\">\n  <template src=\"base/points_list.html\"></template>\n  <viewmodel src=\"base/points_list.js\"></viewmodel>\n</component>","parameter":{"cartesian_impedance":{"K_x":2500,"K_x_rot":250,"K_y":2500,"K_y_rot":250,"K_z":2500,"K_z_rot":250},"current_teaching_reference":{"pose":[1,0,0,0,0,1,0,0,0,0,1,0,0,0,0,1]},"joint_impedance":{"K_j0":3500,"K_j1":3500,"K_j2":3500,"K_j3":3000,"K_j4":2500,"K_j5":2000,"K_j6":1000},"poses":[{"gripper_closed_width":-1,"gripper_open_width":-1,"pose":{"joint_angles":[],"pose":[0,0,0,0,0,0,0,0,0,0,0,0,0,0,0,0]},"relative_trajectories":[[{"joint_angles":[-0.012339719063411402,-0.5975531380803961,-0.006346119614295031,-2.4681057566257945,0.03026738900774055,1.8772903554704452,0.7912850748370918],"pose":[0.9994379466821797,-0.032617970621242165,0.006372254347485713,0,-0.03239426068098905,-0.9989363514139602,-0.032519603317164504,0,0.007426342953887333,0.03229552288666054,-0.999450773491025,0,0.3711247046243146,-0.00148576927703468,0.3963777448080361,1]},{"joint_angles":[-0.03729538796711386,-1.173571665035555,-0.0072149199197689695,-2.7839610005428916,-0.0028215710273569684,1.639379196272956,0.7662825889260403],"pose":[0.9993488752145088,-0.020951940531676816,0.029044598407642425,0,-0.02086540860396413,-0.9997672872622277,-0.003279168389065305,0,0.029107104702672977,0.0026710572538670633,-0.9995727296745215,0,0.2213307120986324,-0.009837690761459345,0.3907927538903055,1]}]],"teaching_reference":{"pose":[1,0,0,0,0,1,0,0,0,0,1,0,0,0,0,1]}},{"gripper_closed_width":-1,"gripper_open_width":-1,"pose":{"joint_angles":[],"pose":[0,0,0,0,0,0,0,0,0,0,0,0,0,0,0,0]},"relative_trajectories":[[{"joint_angles":[-0.9234959314993505,0.9355368432417785,0.00704954735005328,-1.4209975449939125,0.03722765169209904,2.371869626320774,-0.14710774674195579],"pose":[0.9993029438162875,-0.013502053716228757,0.034526336712062004,0,-0.013263352108504878,-0.9998769658540285,-0.007133270399750402,0,0.03461906911817858,0.006670491576312776,-0.9993783190541612,0,0.443051058354368,-0.5730869527893105,0.031845559761340125,1]},{"joint_angles":[0.7482688188246368,0.6225231318139187,-0.008889024776586988,-2.0667905130887765,0.004126268906762102,2.720201157040066,1.5374505837017522],"pose":[0.9995697280329189,-0.014891235360350474,0.024886880295602366,0,-0.014428961592955036,-0.9997122803800145,-0.01865230350249095,0,0.025157960062019757,0.018285538152491204,-0.9995162410586391,0,0.434689663635319,0.3956124978281724,0.024713640432122916,1]}]],"teaching_reference":{"pose":[1,0,0,0,0,1,0,0,0,0,1,0,0,0,0,1]}},{"gripper_closed_width":-1,"gripper_open_width":-1,"pose":{"joint_angles":[],"pose":[0,0,0,0,0,0,0,0,0,0,0,0,0,0,0,0]},"relative_trajectories":[[{"joint_angles":[-1.6169271097790416,0.15680435433385415,0.18169926325723146,-1.7589733751475165,-0.035889239323228225,1.8985360943123486,-0.6197513297734489],"pose":[0.9997551285271249,-0.020195929351770225,-0.00790912906320735,0,-0.02030104879312228,-0.9996938894867891,-0.013444018814472727,0,-0.007635340545435625,0.013601552244836557,-0.9998783422753421,0,0.07327967829612723,-0.5999997147012043,0.3695835792661657,1]},{"joint_angles":[-0.9668809812626412,0.581321621316717,0.2012210585397779,-1.845609834196451,-0.14178676350719147,2.3866572266305037,0.10989303070969052],"pose":[0.999818123393814,-0.016127453909909495,-0.009185437652276503,0,-0.01637347151905255,-0.9994816537456208,-0.027369328774048927,0,-0.008739447088164098,0.027515278189576886,-0.9995831788954551,0,0.45542589570857617,-0.44789864176363015,0.10862410689662555,1]},{"joint_angles":[-0.002630501331324609,-0.49667694338201807,0.01776880201364879,-2.3699431431330593,0.04276015284687827,1.8710025383192135,0.8079716224339273],"pose":[0.9997380822138807,-0.022230810192828354,-0.0032101325035527022,0,-0.022322940435026584,-0.9992198826490886,-0.032280944073616966,0,-0.0024900446240171403,0.032344771453956915,-0.9994736692066287,0,0.40053536842186876,0.013285013285383025,0.4039607557448862,1]},{"joint_angles":[-0.030991237716361093,-0.4940737062703107,0.03250216582005736,-2.391420240626818,0.04804290913873244,3.2524136650552498,0.7549373152723742],"pose":[0.21426938347501734,-0.0027432079541411802,0.9767608985911366,0,-0.011266814112864135,-0.999926843541594,-0.00033669852831530456,0,0.9767091705353182,-0.010933049786149078,-0.21428874122217437,0,0.5373384999149051,-0.0017695407780034835,0.646020907932503,1]},{"joint_angles":[-0.04144246077504589,-0.5034548642069738,0.042252349274867824,-2.3947445567614665,0.021968156187070775,1.8410030472162418,0.7754669128726753],"pose":[0.9987101358814615,-0.0013863023654809847,-0.05056569543269422,0,-0.0014371529608226963,-0.9999888709329934,-0.0009692794915027794,0,-0.05056476249759739,0.0010407199286566258,-0.9987202419574719,0,0.38761285865463607,0.0034286438596885693,0.39216415585886755,1]}]],"teaching_reference":{"pose":[1,0,0,0,0,1,0,0,0,0,1,0,0,0,0,1]}}],"safety":{"force_thresholds":{"x":10,"x_rot":5,"y":10,"y_rot":5,"z":10,"z_rot":5},"torque_thresholds":{"j0":10,"j1":10,"j2":10,"j3":8,"j4":8,"j5":4,"j6":4}},"speed":1},"valid":true}